
n sphere -4  -2  -3  1  1  0  0  0.1
n sphere 0  -2  -5  2  0  1  1  0.0
n sphere 0  10  0  10  0  1  1  0.0
n sphere -1  -2  -2.0  1  1  1  1  0.1
n sphere 3  -2  -2.0  1  1  0  1  0.0

top
cuboid  0   -6.25  0    5   7   0.5 0.3 1 0.3 0.0 1100000000
n cuboid  0.5   -5.75  0    3   3   0.5 1 1 1 30.0

bottom
cuboid  0  0.25  0    5   7   0.5 1 1 1 0.0 110000000000

left
cuboid  0   -3 -3.75 5   0.5 6   0.3 0.3 1 0.0 11
cuboid  0   -3  -3.3  3  0.3 3   1 1 0 30.0 1111111111

right
cuboid  0   -3  3.75 5   0.5 6   1 0.3 1 0.0 1100
cuboid  0   -3  3.3  3  0.3 3   0 1 1 30.0 111111111100

back
cuboid  2   -3  0    0.5 7   6   1 0.3 0.3 0.1 110000

n cuboid 0 -0.5 1.5 1.4 1.4 1.4 1 1 1 0.0
n sphere 0 -0.5 -1 1 1 1 1 0.3

n light 0 -3 0 120 0.208 0.94 0.612 0.3

obj models/low_poly_king.zip.obj 0 0 0 0 90 0 0.5 1 1 1 0.5
